0.4800 0.0000 0.0000 0.0000 0.0000 0.0000 0.0000 0.0000 0.0000 0.0000
0.3400 0.3200 0.0000 0.0000 0.0000 0.0000 0.0000 0.0000 0.0000 0.0000
0.4000 0.2900 0.4800 0.0000 0.0000 0.0000 0.0000 0.0000 0.0000 0.0000
0.3700 0.3400 0.4300 0.4100 0.0000 0.0000 0.0000 0.0000 0.0000 0.0000
0.3700 0.3300 0.4800 0.4000 0.4800 0.0000 0.0000 0.0000 0.0000 0.0000
0.3700 0.3300 0.5000 0.4100 0.4500 0.4800 0.0000 0.0000 0.0000 0.0000
0.3900 0.3400 0.4700 0.3800 0.5000 0.4900 0.5100 0.0000 0.0000 0.0000
0.3500 0.2900 0.4100 0.3500 0.4800 0.4900 0.6000 0.4700 0.0000 0.0000
0.3900 0.2900 0.4000 0.3900 0.4900 0.5100 0.5400 0.4600 0.4100 0.0000
0.3700 0.3100 0.3900 0.3400 0.5000 0.4700 0.5700 0.5100 0.3700 0.5000
